91.04444444444447
64.61437908496727
40.3241830065359
33.13986928104569
41.5411764705882
77.98039215686275
90.1228758169934
48.989542483660074
35.90326797385616
36.836601307189504
47.59215686274509
89.12026143790841
79.71241830065354
42.68888888888886
33.34248366013065
40.57516339869279
60.34117647058829
92.59999999999992
64.51633986928101
39.028758169934584
33.41830065359471
42.758169934640506
78.72549019607843
91.14248366013068
47.94117647058818
33.71895424836597
37.14640522875815
48.946405228758145
89.82483660130714
80.73464052287576
40.73071895424834
31.824836601307105
40.64444444444441
61.2209150326798
93.09803921568621
65.40522875816988
37.516339869281
32.52026143790844
43.34771241830061
79.9032679738562
91.90196078431374
46.886274509803876
33.0444444444444
36.65098039215683
50.36470588235292
89.06666666666659
82.19999999999999
39.61699346405226
31.101960784313643
40.02483660130717
62.49150326797391
91.86535947712417
67.08627450980387
36.211764705882295
31.545098039215624
43.86797385620915
81.06666666666665
89.51895424836604
46.081045751633965
31.96732026143786
35.75163398692806
51.389542483660115
88.4366013071895
79.63529411764702
37.695424836601276
29.71633986928098
39.04052287581696
63.65098039215691
89.18692810457509
63.411764705882355
34.622222222222156
30.143790849673138
43.56078431372549
80.63921568627453
86.27320261437906
43.03660130718951
30.61830065359471
34.640522875816956
50.95555555555554
86.98039215686266
76.49803921568625
35.72156862745094
28.154248366013015
37.929411764705854
63.70457516339876
89.17385620915026
57.47581699346403
33.43267973856204
28.86666666666661
42.40653594771242
78.38562091503266
85.26143790849665
40.763398692810405
29.185620915032615
33.72941176470585
49.17516339869278
84.13986928104572
75.65751633986923
34.41307189542481
26.69803921568621
37.09019607843135
62.04575163398697
85.34509803921569
56.079738562091464
32.747712418300594
28.05098039215681
41.005228758169906
75.67712418300654
82.95686274509802
39.422222222222175
28.07581699346399
33.284967320261394
47.413071895424835
82.83529411764701
73.19215686274512
33.77124183006533
25.759477124182947
36.64836601307188
60.0823529411765
85.8915032679738
53.50196078431367
32.44967320261431
27.64705882352936
40.402614379084916
74.40915032679739
84.15947712418298
38.25490196078425
27.535947712418242
107.49411764705886
54.37385620915032
107.08758169934644
53.236601307189524
105.7777777777778
51.871895424836566
101.77516339869283
50.23137254901961
98.62483660130728
48.167320261437894
95.59346405228759
47.72418300653593
94.64052287581698
46.168627450980395
91.26666666666667
45.37647058823528
88.57254901960786
42.99607843137256
84.9516339869281
41.83006535947711
81.2313725490196
40.215686274509785
80.63006535947717
40.28496732026142
78.43137254901964
38.32679738562091
75.76209150326794
37.18954248366012
72.40392156862747
35.81307189542483
70.64575163398693
34.00915032679737
66.40392156862747
33.02222222222221
65.54771241830065
32.0705882352941
62.47973856209151
30.840522875816983
60.54509803921568
29.385620915032664
57.06013071895422
27.58562091503267
52.86013071895424
25.465359477124174
50.70849673202615
25.450980392156854
49.89150326797386
23.828758169934634
46.820915032679736
22.86797385620915
44.077124183006525
20.973856209150327
40.79215686274509
20.022222222222222
38.60653594771243
18.762091503267968
36.816993464052274
17.999999999999996
34.23006535947712
16.500653594771233
32.35294117647058
15.605228758169934
29.406535947712406
14.142483660130713
27.396078431372548
12.705882352941174
23.236601307189535
11.095424836601305
21.535947712418295
10.219607843137254
19.152941176470588
9.299346405228759
17.490196078431374
7.728104575163398
13.728104575163394
6.313725490196078
11.172549019607839
4.762091503267974
8.97124183006536
4.252287581699347
7.462745098039216
2.6326797385620915
4.606535947712419
1.9777777777777779
2.5712418300653592
0.54640522875817
0.21568627450980393
0.0
0.0
0.0
0.0
0.0
0.0
0.0
0.0
0.0
0.0
0.0
0.0
0.0
0.0
0.0
0.0
0.0
0.0
0.0
0.0
0.0
0.0
0.0
0.0
0.0
0.0
0.0
0.0
0.0
0.0
0.0
0.0
0.0
0.0
0.0
0.0
0.0
0.0
0.0
0.0
0.0
53.179084967320264
53.64836601307187
54.03790849673202
54.1673202614379
54.18039215686272
54.02222222222222
53.85751633986929
53.679738562091515
53.37908496732025
53.151633986928104
53.15686274509804
53.226143790849676
53.126797385620904
53.101960784313725
53.288888888888884
53.750326797385625
54.44575163398693
55.192156862745115
55.81830065359476
56.03137254901962
55.72156862745096
55.16993464052285
54.71633986928104
54.67320261437907
54.90980392156862
55.34640522875816
55.69019607843137
55.66405228758171
55.38039215686273
55.03137254901961
54.66143790849673
54.241830065359466
53.877124183006536
53.57908496732028
53.27189542483661
53.00000000000002
52.90718954248364
52.835294117647045
52.75294117647057
52.67189542483659
52.61568627450979
52.631372549019595
52.82875816993462
53.20392156862744
53.66274509803922
53.929411764705875
53.979084967320254
53.92810457516338
53.84575163398693
53.84183006535948
53.75686274509805
53.5111111111111
53.3686274509804
53.41307189542484
53.36862745098038
53.18169934640522
53.12679738562092
53.376470588235286
54.01307189542484
54.79607843137253
55.58300653594771
56.13464052287585
56.201307189542476
55.733333333333334
55.15555555555555
54.788235294117634
54.86666666666665
55.164705882352955
55.63660130718955
55.84705882352941
55.70588235294116
55.40653594771241
55.09281045751632
54.68496732026144
54.269281045751626
53.975163398692814
53.72679738562091
53.45751633986928
53.29673202614378
53.21568627450981
53.207843137254876
53.19738562091503
53.12941176470586
53.052287581699325
53.118954248366016
53.36209150326796
53.840522875817015
54.33594771241829
54.56209150326796
54.637908496732024
54.57254901960784
54.46928104575164
54.36601307189543
54.095424836601325
53.75294117647059
53.62091503267977
53.63137254901959
53.49019607843135
53.28888888888884
53.28104575163396
53.563398692810445
54.22875816993463
55.09019607843137
55.96862745098038
56.44967320261436
56.39346405228757
55.86143790849672
55.34117647058823
55.084967320261434
55.21045751633986
55.48888888888888
55.87973856209151
55.967320261437905
55.796078431372536
55.52679738562089
55.21176470588233
54.78169934640521
54.40261437908493
54.07581699346403
53.83790849673202
53.62614379084966
53.50718954248366
53.397385620915
53.322875816993474
53.291503267973845
53.257516339869284
53.2457516339869
53.35032679738559
1.806535947712418
1.358169934640523
3.7359477124183007
2.726797385620915
6.552941176470588
3.6784313725490194
9.015686274509802
5.5712418300653574
11.967320261437912
6.2901960784313715
13.967320261437912
8.172549019607843
17.392156862745107
9.188235294117646
19.83267973856208
10.59607843137255
21.827450980392154
11.4483660130719
25.652287581699337
13.691503267973856
28.10849673202614
14.368627450980394
30.450980392156854
15.76470588235294
32.02222222222221
16.4718954248366
35.47973856209149
18.437908496732028
37.891503267973846
20.220915032679738
42.00784313725489
21.345098039215685
43.25882352941176
22.38954248366013
46.54379084967321
23.64444444444444
47.9516339869281
24.85620915032679
51.94117647058821
26.708496732026138
55.25620915032679
28.81960784313725
58.3843137254902
29.36993464052287
59.37908496732023
30.52026143790848
61.38954248366016
30.89411764705881
62.95555555555557
32.48235294117645
66.77647058823531
34.2718954248366
70.89934640522874
36.15816993464052
72.38692810457515
36.49019607843137
74.77385620915034
37.924183006535934
76.31372549019612
38.979084967320254
79.85359477124184
40.66405228758169
82.64705882352943
42.04705882352941
85.6013071895425
42.990849673202604
86.22745098039218
43.874509803921555
89.2732026143791
44.73856209150323
90.33464052287586
46.39477124183007
94.86666666666665
48.07581699346405
97.41960784313729
49.313725490196084
99.4156862745099
50.019607843137265
100.4522875816994
51.13464052287582
102.48627450980393
51.34640522875818
104.50980392156866
53.43921568627449
108.55424836601308
53.870588235294115
105.55424836601303
52.14901960784311
103.87973856209152
51.183006535947705
100.6640522875818
49.63921568627449
97.95032679738567
47.98823529411764
96.01176470588234
47.94248366013069
94.58692810457524
46.086274509803914
90.50718954248369
44.44836601307188
87.1058823529412
42.58562091503268
84.04575163398697
41.64967320261438
81.6013071895425
40.31372549019608
80.18169934640525
39.51633986928103
76.99215686274513
38.039215686274495
75.46143790849679
36.89411764705881
70.93333333333335
34.53725490196077
67.95163398692812
33.067973856209136
65.0496732026144
32.39477124183006
64.10718954248368
31.039215686274495
60.73986928104577
30.311111111111096
59.77647058823529
28.55424836601306
54.91633986928102
27.070588235294107
53.06143790849672
25.81830065359476
