2116.6013071895436
2116.6013071895436
2111.296732026145
2107.6640522875823
2111.2980392156874
2109.3307189542493
2110.6405228758185
2107.3346405228767
1765.0954248366027
1418.311111111112
1224.571241830066
1083.972549019608
988.2666666666659
905.066666666666
776.7921568627446
747.9241830065357
654.8026143790848
742.5045751633982
758.703267973856
489.8575163398692
443.37254901960773
540.6705882352937
693.509803921568
882.5124183006533
1047.9686274509802
1104.9947712418302
998.1973856209148
808.0810457516334
775.9411764705875
753.477124183006
731.6862745098035
715.6026143790845
708.7450980392152
839.3568627450975
1015.7751633986926
1109.2248366013073
1208.945098039216
1329.7307189542487
1472.759477124183
1639.0274509803924
1910.2444444444452
2101.735947712419
2116.6013071895436
2116.6013071895436
2116.6013071895436
2116.6013071895436
2116.6013071895436
2116.6013071895436
2116.6013071895436
2116.6013071895436
1806.589542483663
945.2941176470581
1758.0653594771272
857.9267973856204
1897.1542483660137
1134.8810457516342
2167.015686274509
959.6013071895427
1996.576470588234
967.1843137254905
1774.3516339869273
889.9686274509805
1929.0130718954247
951.9006535947713
1816.5071895424835
878.1856209150324
1666.4758169934655
804.705882352941
1560.8823529411775
770.9254901960783
1540.9986928104584
798.8196078431371
1564.3058823529418
719.3124183006535
1312.2928104575165
592.648366013072
1058.300653594771
465.6522875816994
804.308496732026
338.6562091503268
550.3163398692811
211.66013071895424
296.3241830065359
84.6640522875817
42.33202614379085
0.0
0.0
0.0
0.0
0.0
0.0
0.0
0.0
0.0
0.0
0.0
0.0
0.0
0.0
0.0
2109.0039215686284
2110.9803921568637
2110.009150326798
2109.68888888889
2047.4091503267985
1971.194771241831
1892.7398692810464
1883.7346405228766
1615.5699346405238
1199.2980392156865
982.7424836601301
928.8549019607836
897.4366013071889
884.7699346405223
872.9921568627444
877.8091503267966
888.4679738562087
1036.1581699346407
1120.3464052287586
1118.8222222222228
1051.2875816993464
1035.603921568628
1073.5398692810465
1100.7150326797391
1187.4562091503276
1188.0248366013077
1103.0261437908503
1071.2405228758175
1039.63660130719
1053.069281045752
1122.41568627451
1121.598692810458
1034.8143790849672
889.4339869281041
874.5163398692805
871.3568627450975
881.7790849673196
899.1189542483654
926.1058823529405
981.9934640522869
1196.6549019607842
1623.7620915032694
1873.593464052288
1891.0928104575173
1968.1032679738573
2043.8248366013083
2105.0470588235303
2110.9620915032688
2116.6013071895436
2116.6013071895436
126.99607843137255
126.99607843137255
380.98823529411766
253.99215686274508
634.9803921568628
380.98823529411766
888.6405228758168
506.3281045751635
1141.3071895424835
632.0392156862745
1389.3620915032682
756.0418300653595
1639.1398692810465
829.1620915032678
1740.811764705883
864.2875816993462
1369.2849673202616
643.2183006535946
1310.0392156862754
689.8849673202612
1397.656209150328
719.0705882352937
1560.3490196078444
828.3372549019604
1544.9699346405241
755.5725490196074
1535.2248366013087
895.8405228758165
1966.002614379086
980.6771241830063
1803.2130718954268
891.5790849673198
1867.3856209150356
900.1464052287575
1716.0078431372574
900.2248366013065
2127.9542483660125
1136.2666666666669
1998.8993464052278
973.4418300653595
1996.8875816993457
903.3555555555558
1758.5620915032666
951.2941176470589
1934.141176470588
926.4405228758171
1768.4366013071906
844.8196078431371
1630.392156862746
783.0679738562089
