# X Y
1 1
3 1
5 1
7 1
9 1
11 1
13 1
15 1
17 1
19 1
21 1
23 1
25 1
27 1
29 1
31 1
33 1
35 1
37 1
39 1
41 1
43 1
45 1
47 1
49 1
51 1
53 1
55 1
57 1
59 1
61 1
63 1
65 1
67 1
69 1
71 1
73 1
75 1
77 1
79 1
81 1
83 1
85 1
87 1
89 1
91 1
93 1
95 1
97 1
99 1
101 1
103 1
105 1
107 1
109 1
111 1
113 1
115 1
117 1
119 1
121 1
123 1
125 1
127 1
1 1
3 1
3 3
5 3
5 5
7 5
7 7
9 7
9 9
11 9
11 11
13 11
13 13
15 13
15 15
17 15
17 17
19 17
19 19
21 19
21 21
23 21
23 23
25 23
25 25
27 25
27 27
29 27
29 29
31 29
31 31
33 31
33 33
35 33
35 35
37 35
37 37
39 37
39 39
41 39
41 41
43 41
43 43
45 43
45 45
47 45
47 47
49 47
49 49
51 49
51 51
53 51
53 53
55 53
55 55
57 55
57 57
59 57
59 59
61 59
61 61
63 61
63 63
65 63
65 65
67 65
67 67
69 67
69 69
71 69
71 71
73 71
73 73
75 73
75 75
77 75
77 77
79 77
79 79
81 79
81 81
83 81
83 83
85 83
85 85
87 85
87 87
89 87
89 89
91 89
91 91
93 91
93 93
95 93
95 95
97 95
97 97
99 97
99 99
101 99
101 101
103 101
103 103
105 103
105 105
107 105
107 107
109 107
109 109
111 109
111 111
113 111
113 113
115 113
115 115
117 115
117 117
119 117
119 119
121 119
121 121
123 121
123 123
125 123
125 125
127 125
127 127
5 1
7 1
7 3
9 3
9 5
11 5
11 7
13 7
13 9
15 9
15 11
17 11
17 13
19 13
19 15
21 15
21 17
23 17
23 19
25 19
25 21
27 21
27 23
29 23
29 25
31 25
31 27
33 27
33 29
35 29
35 31
37 31
37 33
39 33
39 35
41 35
41 37
43 37
43 39
45 39
45 41
47 41
47 43
49 43
49 45
51 45
51 47
53 47
53 49
55 49
55 51
57 51
57 53
59 53
59 55
61 55
61 57
63 57
63 59
65 59
65 61
67 61
67 63
69 63
69 65
71 65
71 67
73 67
73 69
75 69
75 71
77 71
77 73
79 73
79 75
81 75
81 77
83 77
83 79
85 79
85 81
87 81
87 83
89 83
89 85
91 85
91 87
93 87
93 89
95 89
95 91
97 91
97 93
99 93
99 95
101 95
101 97
103 97
103 99
105 99
105 101
107 101
107 103
109 103
109 105
111 105
111 107
113 107
113 109
115 109
115 111
117 111
117 113
119 113
119 115
121 115
121 117
123 117
123 119
125 119
125 121
127 121
127 123
1 1
1 3
1 5
1 7
1 9
1 11
1 13
1 15
1 17
1 19
1 21
1 23
1 25
1 27
1 29
1 31
1 33
1 35
1 37
1 39
1 41
1 43
1 45
1 47
1 49
1 51
1 53
1 55
1 57
1 59
1 61
1 63
1 65
1 67
1 69
1 71
1 73
1 75
1 77
1 79
1 81
1 83
1 85
1 87
1 89
1 91
1 93
1 95
1 97
1 99
1 101
1 103
1 105
1 107
1 109
1 111
1 113
1 115
1 117
1 119
1 121
1 123
1 125
1 127
1 3
1 5
3 1
3 3
5 1
1 1
1 1
3 1
5 1
7 1
9 1
11 1
13 1
15 1
17 1
19 1
21 1
23 1
25 1
27 1
29 1
31 1
33 1
35 1
37 1
39 1
41 1
43 1
45 1
47 1
49 1
51 1
53 1
55 1
57 1
59 1
61 1
63 1
65 1
67 1
69 1
71 1
73 1
75 1
77 1
79 1
81 1
83 1
85 1
87 1
89 1
91 1
93 1
95 1
97 1
99 1
101 1
103 1
105 1
107 1
109 1
111 1
113 1
115 1
117 1
119 1
121 1
123 1
125 1
127 1
1 1
3 1
3 3
5 3
5 5
7 5
7 7
9 7
9 9
11 9
11 11
13 11
13 13
15 13
15 15
17 15
17 17
19 17
19 19
21 19
21 21
23 21
23 23
25 23
25 25
27 25
27 27
29 27
29 29
31 29
31 31
33 31
33 33
35 33
35 35
37 35
37 37
39 37
39 39
41 39
41 41
43 41
43 43
45 43
45 45
47 45
47 47
49 47
49 49
51 49
51 51
53 51
53 53
55 53
55 55
57 55
57 57
59 57
59 59
61 59
61 61
63 61
63 63
65 63
65 65
67 65
67 67
69 67
69 69
71 69
71 71
73 71
73 73
75 73
75 75
77 75
77 77
79 77
79 79
81 79
81 81
83 81
83 83
85 83
85 85
87 85
87 87
89 87
89 89
91 89
91 91
93 91
93 93
95 93
95 95
97 95
97 97
99 97
99 99
101 99
101 101
103 101
103 103
105 103
105 105
107 105
107 107
109 107
109 109
111 109
111 111
113 111
113 113
115 113
115 115
117 115
117 117
119 117
119 119
121 119
121 121
123 121
123 123
125 123
125 125
127 125
127 127
5 1
7 1
7 3
9 3
9 5
11 5
11 7
13 7
13 9
15 9
15 11
17 11
17 13
19 13
19 15
21 15
21 17
23 17
23 19
25 19
25 21
27 21
27 23
29 23
29 25
31 25
31 27
33 27
33 29
35 29
35 31
37 31
37 33
39 33
39 35
41 35
41 37
43 37
43 39
45 39
45 41
47 41
47 43
49 43
49 45
51 45
51 47
53 47
53 49
55 49
55 51
57 51
57 53
59 53
59 55
61 55
61 57
63 57
63 59
65 59
65 61
67 61
67 63
69 63
69 65
71 65
71 67
73 67
73 69
75 69
75 71
77 71
77 73
79 73
79 75
81 75
81 77
83 77
83 79
85 79
85 81
87 81
87 83
89 83
89 85
91 85
91 87
93 87
93 89
95 89
95 91
97 91
97 93
99 93
99 95
101 95
101 97
103 97
103 99
105 99
105 101
107 101
107 103
109 103
109 105
111 105
111 107
113 107
113 109
115 109
115 111
117 111
117 113
119 113
119 115
121 115
121 117
123 117
123 119
125 119
125 121
127 121
127 123
1 1
1 3
1 5
1 7
1 9
1 11
1 13
1 15
1 17
1 19
1 21
1 23
1 25
1 27
1 29
1 31
1 33
1 35
1 37
1 39
1 41
1 43
1 45
1 47
1 49
1 51
1 53
1 55
1 57
1 59
1 61
1 63
1 65
1 67
1 69
1 71
1 73
1 75
1 77
1 79
1 81
1 83
1 85
1 87
1 89
1 91
1 93
1 95
1 97
1 99
1 101
1 103
1 105
1 107
1 109
1 111
1 113
1 115
1 117
1 119
1 121
1 123
1 125
1 127
1 3
1 5
3 1
3 3
5 1
1 1
1 1
3 1
5 1
7 1
9 1
11 1
13 1
15 1
17 1
19 1
21 1
23 1
25 1
27 1
29 1
31 1
33 1
35 1
37 1
39 1
41 1
43 1
45 1
47 1
49 1
51 1
53 1
55 1
57 1
59 1
61 1
63 1
65 1
67 1
69 1
71 1
73 1
75 1
77 1
79 1
81 1
83 1
85 1
87 1
89 1
91 1
93 1
95 1
97 1
99 1
101 1
103 1
105 1
107 1
109 1
111 1
113 1
115 1
117 1
119 1
121 1
123 1
125 1
127 1
1 1
3 1
3 3
5 3
5 5
7 5
7 7
9 7
9 9
11 9
11 11
13 11
13 13
15 13
15 15
17 15
17 17
19 17
19 19
21 19
21 21
23 21
23 23
25 23
25 25
27 25
27 27
29 27
29 29
31 29
31 31
33 31
33 33
35 33
35 35
37 35
37 37
39 37
39 39
41 39
41 41
43 41
43 43
45 43
45 45
47 45
47 47
49 47
49 49
51 49
51 51
53 51
53 53
55 53
55 55
57 55
57 57
59 57
59 59
61 59
61 61
63 61
63 63
65 63
65 65
67 65
67 67
69 67
69 69
71 69
71 71
73 71
73 73
75 73
75 75
77 75
77 77
79 77
79 79
81 79
81 81
83 81
83 83
85 83
85 85
87 85
87 87
89 87
89 89
91 89
91 91
93 91
93 93
95 93
95 95
97 95
97 97
99 97
99 99
101 99
101 101
103 101
103 103
105 103
105 105
107 105
107 107
109 107
109 109
111 109
111 111
113 111
113 113
115 113
115 115
117 115
117 117
119 117
119 119
121 119
121 121
123 121
123 123
125 123
125 125
127 125
127 127
5 1
7 1
7 3
9 3
9 5
11 5
11 7
13 7
13 9
15 9
15 11
17 11
17 13
19 13
19 15
21 15
21 17
23 17
23 19
25 19
25 21
27 21
27 23
29 23
29 25
31 25
31 27
33 27
33 29
35 29
35 31
37 31
37 33
39 33
39 35
41 35
41 37
43 37
43 39
45 39
45 41
47 41
47 43
49 43
49 45
51 45
51 47
53 47
53 49
55 49
55 51
57 51
57 53
59 53
59 55
61 55
61 57
63 57
63 59
65 59
65 61
67 61
67 63
69 63
69 65
71 65
71 67
73 67
73 69
75 69
75 71
77 71
77 73
79 73
79 75
81 75
81 77
83 77
83 79
85 79
85 81
87 81
87 83
89 83
89 85
91 85
91 87
93 87
93 89
95 89
95 91
97 91
97 93
99 93
99 95
101 95
101 97
103 97
103 99
105 99
105 101
107 101
107 103
109 103
109 105
111 105
111 107
113 107
113 109
115 109
115 111
117 111
117 113
119 113
119 115
121 115
121 117
123 117
123 119
125 119
125 121
127 121
127 123
1 1
1 3
1 5
1 7
1 9
1 11
1 13
1 15
1 17
1 19
1 21
1 23
1 25
1 27
1 29
1 31
1 33
1 35
1 37
1 39
1 41
1 43
1 45
1 47
1 49
1 51
1 53
1 55
1 57
1 59
1 61
1 63
1 65
1 67
1 69
1 71
1 73
1 75
1 77
1 79
1 81
1 83
1 85
1 87
1 89
1 91
1 93
1 95
1 97
1 99
1 101
1 103
1 105
1 107
1 109
1 111
1 113
1 115
1 117
1 119
1 121
1 123
1 125
1 127
1 3
1 5
3 1
3 3
5 1
1 1
1 1
3 1
5 1
7 1
9 1
11 1
13 1
15 1
17 1
19 1
21 1
23 1
25 1
27 1
29 1
31 1
33 1
35 1
37 1
39 1
41 1
43 1
45 1
47 1
49 1
51 1
53 1
55 1
57 1
59 1
61 1
63 1
65 1
67 1
69 1
71 1
73 1
75 1
77 1
79 1
81 1
83 1
85 1
87 1
89 1
91 1
93 1
95 1
97 1
99 1
101 1
103 1
105 1
107 1
109 1
111 1
113 1
115 1
117 1
119 1
121 1
123 1
125 1
127 1
1 1
3 1
3 3
5 3
5 5
7 5
7 7
9 7
9 9
11 9
11 11
13 11
13 13
15 13
15 15
17 15
17 17
19 17
19 19
21 19
21 21
23 21
23 23
25 23
25 25
27 25
27 27
29 27
29 29
31 29
31 31
33 31
33 33
35 33
35 35
37 35
37 37
39 37
39 39
41 39
41 41
43 41
43 43
45 43
45 45
47 45
47 47
49 47
49 49
51 49
51 51
53 51
53 53
55 53
55 55
57 55
57 57
59 57
59 59
61 59
61 61
63 61
63 63
65 63
65 65
67 65
67 67
69 67
69 69
71 69
71 71
73 71
73 73
75 73
75 75
77 75
77 77
79 77
79 79
81 79
81 81
83 81
83 83
85 83
85 85
87 85
87 87
89 87
89 89
91 89
91 91
93 91
93 93
95 93
95 95
97 95
97 97
99 97
99 99
101 99
101 101
103 101
103 103
105 103
105 105
107 105
107 107
109 107
109 109
111 109
111 111
113 111
113 113
115 113
115 115
117 115
117 117
119 117
119 119
121 119
121 121
123 121
123 123
125 123
125 125
127 125
127 127
5 1
7 1
7 3
9 3
9 5
11 5
11 7
13 7
13 9
15 9
15 11
17 11
17 13
19 13
19 15
21 15
21 17
23 17
23 19
25 19
25 21
27 21
27 23
29 23
29 25
31 25
31 27
33 27
33 29
35 29
35 31
37 31
37 33
39 33
39 35
41 35
41 37
43 37
43 39
45 39
45 41
47 41
47 43
49 43
49 45
51 45
51 47
53 47
53 49
55 49
55 51
57 51
57 53
59 53
59 55
61 55
61 57
63 57
63 59
65 59
65 61
67 61
67 63
69 63
69 65
71 65
71 67
73 67
73 69
75 69
75 71
77 71
77 73
79 73
79 75
81 75
81 77
83 77
83 79
85 79
85 81
87 81
87 83
89 83
89 85
91 85
91 87
93 87
93 89
95 89
95 91
97 91
97 93
99 93
99 95
101 95
101 97
103 97
103 99
105 99
105 101
107 101
107 103
109 103
109 105
111 105
111 107
113 107
113 109
115 109
115 111
117 111
117 113
119 113
119 115
121 115
121 117
123 117
123 119
125 119
125 121
127 121
127 123
1 1
1 3
1 5
1 7
1 9
1 11
1 13
1 15
1 17
1 19
1 21
1 23
1 25
1 27
1 29
1 31
1 33
1 35
1 37
1 39
1 41
1 43
1 45
1 47
1 49
1 51
1 53
1 55
1 57
1 59
1 61
1 63
1 65
1 67
1 69
1 71
1 73
1 75
1 77
1 79
1 81
1 83
1 85
1 87
1 89
1 91
1 93
1 95
1 97
1 99
1 101
1 103
1 105
1 107
1 109
1 111
1 113
1 115
1 117
1 119
1 121
1 123
1 125
1 127
1 3
1 5
3 1
3 3
5 1
1 1
